y = exp(5^2/3*pi)
sind(225) + cotd(30) + atand(30) + 10*exp(-10) + 9*10^-2 + log10(10)^3 + log(10)^3
A = [17 2 3 4; 5 6 7 8; 9 10 11 12; 13 14 15 16]
B = [2 3 4 5; 6 7 8 9; 10 11 12 13; 14 15 16 17]
C = [1 2 3; 4 5 6; 7 8 9]
AB = ans
BA = ans
AC = ans
m = A*B
n = B*A
u = [4 3 2 1]'

5x1+6x2+7x3=0
6x1+5x2+9x3=5
x1 = ans
x2 = ans
x3 = ans