W = [10 -12 30; 55 95 200; -70 5 2]
A = W(3,2)
B = W(1,1)
C = W(3,3)
D = W(2,2)

W(2:3,1)=0
W(2:3,2)=0