%Replace the elements 55, 95, -70, 5 by 0 in the matrix ‘W’

W = [10 -12 30; 55 95 200; -70 5 2];
W 

W([2 3 5 6]) = 0;
W
